1536
3072
4608
6144
7680
9216
10752
12288
13824
15360
16896
18432
19968
21504
23040
24576
26112
27648
29184
30720
32256
33792
35328
36864
38400
39936
41472
43008
44544
46080
47616
49152
50688
52224
53760
55296
56832
58368
59904
61440
62976
64512
66048
67584
69120
70656
72192
73728
75264
76800
78336
79872
81408
82944
84480
86016
87552
89088
90624
92160
93696
95232
96768
98304
99840
101376
102912
104448
105984
107520
109056
110592
112128
113664
115200
116736
118272
119808
121344
122880
124416
125952
127488
129024
130560
132096
133632
135168
136704
138240
139776
141312
142848
144384
145920
147456
148992
150528
152064
153600
155136
156672
158208
159744
161280
162816
164352
165888
167424
168960
170496
172032
173568
175104
176640
178176
179712
181248
182784
184320
185856
187392
188928
190464
192000
193536
195072
196608
198144
199680
201216
202752
204288
205824
207360
208896
210432
211968
213504
215040
216576
218112
219648
221184
222720
224256
225792
227328
228864
230400
231936
233472
235008
236544
238080
239616
241152
242688
244224
245760
247296
248832
250368
251904
253440
254976
256512
258048
259584
261120
262656
264192
265728
267264
268800
270336
271872
273408
274944
276480
278016
279552
281088
282624
284160
285696
287232
288768
290304
291840
293376
294912
296448
297984
299520
301056
302592
304128
305664
307200
308736
310272
311808
313344
314880
316416
317952
319488
321024
322560
324096
325632
327168
328704
330240
331776
333312
334848
336384
337920
339456
340992
342528
344064
345600
347136
348672
350208
351744
353280
354816
356352
357888
359424
360960
362496
364032
365568
367104
368640
370176
371712
373248
374784
376320
377856
379392
380928
382464
384000
385536
387072
388608
390144
391680
393216
394752
396288
397824
399360
400896
402432
403968
405504
407040
408576
410112
411648
413184
414720
416256
417792
419328
420864
422400
423936
425472
427008
428544
430080
431616
433152
434688
436224
437760
439296
440832
442368
443904
445440
446976
448512
450048
451584
453120
454656
456192
457728
459264
460800
462336
463872
465408
466944
468480
470016
471552
473088
474624
476160
477696
479232
480768
482304
483840
485376
486912
488448
489984
491520
493056
494592
496128
497664
499200
500736
502272
503808
505344
506880
508416
509952
511488
513024
514560
516096
517632
519168
520704
522240
523776
525312
526848
528384
529920
531456
532992
534528
536064
537600
539136
540672
542208
543744
545280
546816
548352
549888
551424
552960
554496
556032
557568
559104
560640
562176
563712
565248
566784
568320
569856
571392
572928
574464
576000
577536
579072
580608
582144
583680
585216
586752
588288
589824
591360
592896
594432
595968
597504
599040
600576
602112
603648
605184
606720
608256
609792
611328
612864
614400
615936
617472
619008
620544
622080
623616
625152
626688
628224
629760
631296
632832
634368
635904
637440
638976
640512
642048
643584
645120
646656
648192
649728
651264
652800
654336
655872
657408
658944
660480
662016
663552
665088
666624
668160
669696
671232
672768
674304
675840
677376
678912
680448
681984
683520
685056
686592
688128
689664
691200
692736
694272
695808
697344
698880
700416
701952
703488
705024
706560
708096
709632
711168
712704
714240
715776
717312
718848
720384
721920
723456
724992
726528
728064
729600
731136
732672
734208
735744
737280
738816
740352
741888
743424
744960
746496
748032
749568
751104
752640
754176
755712
757248
758784
760320
761856
763392
764928
766464
768000
769536
771072
772608
774144
775680
777216
778752
780288
781824
783360
784896
786432
787968
789504
791040
792576
794112
795648
797184
798720
800256
801792
803328
804864
806400
807936
809472
811008
812544
814080
815616
817152
818688
820224
821760
823296
824832
826368
827904
829440
830976
832512
834048
835584
837120
838656
840192
841728
843264
844800
846336
847872
849408
849408
850944
852480
854016
855552
857088
858624
860160
861696
863232
864768
866304
867840
869376
870912
872448
873984
875520
877056
878592
880128
881664
883200
884736
886272
887808
889344
890880
892416
893952
895488
897024
898560
900096
901632
903168
904704
906240
907776
909312
910848
912384
913920
915456
916992
918528
920064
921600
923136
924672
926208
927744
929280
930816
932352
933888
935424
936960
938496
940032
941568
943104
944640
946176
947712
949248
950784
952320
953856
955392
956928
958464
960000
961536
963072
964608
966144
967680
969216
970752
972288
973824
975360
976896
978432
979968
981504
983040
984576
986112
987648
989184
990720
992256
993792
995328
996864
998400
999936
1001472
1003008
1004544
1006080
1007616
1009152
1010688
1012224
1013760
1015296
1016832
1018368
1019904
1021440
1022976
1024512
1026048
1027584
1029120
1030656
1032192
1033728
1035264
1036800
1038336
1039872
1041408
1042944
1044480
1046016
1047552
1049088
1050624
1052160
1053696
1055232
1056768
1058304
1059840
1061376
1062912
1064448
1065984
1067520
1069056
1070592
1072128
1073664
1075200
1076736
1078272
1079808
1081344
1082880
1084416
1085952
1087488
1089024
1090560
1092096
1093632
1095168
1096704
1098240
1099776
1101312
1102848
1104384
1105920
1107456
1108992
1110528
1112064
1113600
1115136
1116672
1118208
1119744
1121280
1122816
1124352
1125888
1127424
1128960
1130496
1132032
1133568
1135104
1136640
1138176
1139712
1141248
1142784
1144320
1145856
1147392
1148928
1150464
1152000
1153536
1155072
1156608
1158144
1159680
1161216
1162752
1164288
1165824
1167360
1168896
1170432
1171968
1173504
1175040
1176576
1178112
1179648
1181184
1182720
1184256
1185792
1187328
1188864
1190400
1191936
1193472
1195008
1196544
1198080
1199616
1201152
1202688
1204224
1205760
1207296
1208832
1210368
1211904
1213440
1214976
1216512
1218048
1219584
1221120
1222656
1224192
1225728
1227264
1228800
1230336
1231872
1233408
1234944
1236480
1238016
1239552
1241088
1242624
1244160
1245696
1242624
1244160
1245696
1247232
1248768
1250304
1251840
1253376
1254912
1256448
1257984
1259520
1261056
1262592
1264128
1265664
1267200
1268736
1270272
1271808
1273344
1274880
1276416
1277952
1279488
1281024
1282560
1284096
1285632
1287168
1288704
1290240
1291776
1293312
1294848
1296384
1297920
1299456
1300992
1302528
1304064
1305600
1307136
1308672
1310208
1311744
1313280
1314816
1316352
1317888
1319424
1320960
1322496
1324032
1325568
1327104
1328640
1330176
1331712
1333248
1334784
1336320
1337856
1339392
1340928
1342464
1344000
1345536
1347072
1348608
1350144
1351680
1353216
1354752
1356288
1357824
1359360
1360896
1362432
1363968
1365504
1367040
1368576
1370112
1371648
1373184
1374720
1376256
1377792
1379328
1380864
1382400
1383936
1385472
1387008
1388544
1390080
1391616
1393152
1394688
1396224
1397760
1399296
1400832
1402368
1403904
1405440
1406976
1408512
1410048
1411584
1413120
1414656
1416192
1417728
1419264
1420800
1422336
1423872
1425408
1426944
1428480
1430016
1431552
1433088
1434624
1436160
1437696
1439232
1440768
1442304
1443840
1445376
1446912
1448448
1449984
1451520
1453056
1454592
1456128
1457664
1459200
1460736
1462272
1463808
1465344
1466880
1468416
1469952
1471488
1473024
1474560
1476096
1477632
1479168
1480704
1482240
1483776
1485312
1486848
1488384
1489920
1491456
1492992
1494528
1496064
1497600
1499136
1500672
1502208
1503744
1505280
1506816
1508352
1509888
1511424
1512960
1514496
1516032
1517568
1519104
1520640
1522176
1523712
1525248
1526784
1528320
1529856
1531392
1532928
1534464
1536000
1537536
1539072
1540608
1536000
1537536
1539072
1540608
1542144
